427 383
133 40
39 60
235 43
312 166
142 370
128 0
509 332
369 190
112 384
311 467
474 281
141 202
236 124
459 109
117 398
221 304
305 456
300 76
82 395
290 118
366 157
15 14
50 338
478 84
160 116
454 481
107 416
2 416
269 473
119 162
98 508
233 185
183 227
246 339
467 107
385 160
53 205
125 410
359 42
470 384
56 410
431 54
215 297
22 111
84 297
298 401
196 298
447 229
392 310
347 208
78 398
191 200
447 20
468 226
76 149
428 402
60 112
505 498
368 423
426 218
504 235
53 211
231 24
253 477
33 358
59 323
154 336
36 483
131 178
467 507
43 416
365 51
445 107
223 286
70 510
157 502
262 136
466 500
29 442
163 386
44 131
425 205
495 56
49 377
472 506
7 165
507 176
298 81
178 112
44 453
32 325
290 416
107 363
161 398
278 452
264 164
171 329
392 17
47 199
